Broom & Fery | Koolhof & Mektic,2.23,1.6,1.76,1.99,0.9509430560876129,1.1931818181818183
